006910
008470
009520
013310
014190
014200
017000
018700
019550
025320
025550
025980
027710
029480
030350
032800
032820
033230
033320
033830
035620
036090
036170
036620
036630
036710
037440
038010
038620
038880
039240
041020
041190
042040
042510
042940
043910
044480
045510
047820
048550
051980
052300
052420
053050
057680
057880
058630
060240
060560
063080
063170
064260
066410
067000
073570
075970
078340
081150
085670
086980
089140
090410
094480
094820
094860
096040
096350
096640
096690
097800
101330
101390
104200
104480
108860
119850
121800
126600
128540
128660
130500
136510
139050
150840
174880
182400
184230
192250
192390
193250
195990
196700
198440
201490
204630
206560
208370
208710
214270
215090
215480
218150
222080
222800
225330
225430
226360
226440
241840
242040
256840
258830
263750
269620
290380
290510
291230
293490
299900
306620
307750
310200
339950
340360
357880
376300
900110
900120
900250
900300
950180
950220